1 577584
2 0
3 0
4 161424
5 0
6 0
7 0
8 727752
9 0
10 429744
11 605520
12 170112
13 0
14 0
15 260712
16 0
17 0
18 150528
19 136776
20 268728
21 0
22 471168
23 0
24 0
25 527664
26 261888
27 0
28 212832
29 216144
30 226656
31 313320
32 510791
33 391272
34 0
35 146400
36 225288
37 0
38 393648
39 0
40 177480
41 150336
42 145704
43 78240
44 156264
45 0
46 0
47 64488
48 49152
49 56856
50 114072
51 91104
52 140232
53 140784
54 180504
55 118608
56 266088
57 372434
58 410568
59 244608
60 0
61 149760
62 0
63 0
64 243936
65 0
66 0
67 0
68 614280
69 397752
70 772488
71 680544
72 267480
73 429240
74 319704
75 0
76 0
77 225264
78 0
79 0
80 244800
81 0
82 0
