1 85000
2 85000
3 85000
4 85000
5 85000
6 85000
7 85000
8 85000
9 85000
10 85000
11 85000
12 85000
13 85000
14 85000
15 85000
16 85000
17 85000
18 85000
19 85000
20 85000
21 85000
22 85000
23 85000
24 85000
25 85000
26 85000
27 85000
28 85000
29 85000
30 85000
31 85000
32 85000
33 85000
34 85000
35 85000
36 85000
37 85000
38 85000
39 85000
40 85000
41 85000
42 85000
43 85000
44 85000
45 85000
46 85000
47 85000
48 85000
49 85000
50 85000
51 85000
52 85000
53 85000
54 85000
55 85000
56 85000
57 85000
58 85000
59 85000
60 85000
